 0.2
 1.4
 1.4
 1.5
 1.5
 1.5
 1.5
 1.5
 1.5
 1.5
 1.0
 1.5
 1.5
 1.5
 1.5
 1.5
 1.5
 1.5
 1.0
 1.5
 1.5
 1.5
 1.5
 1.5
 1.5
 1.5
 1.5
 1.5
 1.5
 1.5
 1.5
 1.5
 1.5
 1.5
 1.5
 1.5
 1.5
 1.5
 1.5
 1.5
 1.9
 1.9
 1.9
 1.9
 1.9
 2.0
 2.0
 2.0
 1.4
 2.0
 2.0
 2.0
 2.0
 1.4
 2.0
 2.0
 2.0
 2.0
 2.0
 1.4
 2.0
 2.0
 2.0
 2.0
 2.0
 2.0
 2.0
 2.0
 2.0
 2.0
 2.0
 2.0
 2.0
 2.0
 2.0
 2.0
 2.0
 2.0
 2.0
 2.0
 2.0
 2.0
 2.0
 2.0
 2.0
 2.0
 2.0
 1.4
 2.0
 2.0
 2.0
 2.0
 2.0
 2.0
 2.0
 2.0
 2.0
 2.0
 2.0
 2.0
 2.0
 0.0
 2.0
 2.0
 2.0
 2.0
 2.0
 2.0
 2.0
 2.0
 2.0
 2.0
 1.4
 2.0
 2.0
 2.0
 2.0
 2.0
 2.0
 2.0
 2.0
 2.0
 2.0
 2.0
 2.0
 2.0
 2.0
 2.0
 2.0
 2.0
 2.0
 2.0
 2.0
 2.0
 2.0
 2.0
 2.0
 2.0
 2.0
 2.0
 2.0
 2.0
 2.0
 2.0
 2.0
 2.0
 0.0
 2.0
 2.0
 2.0
 2.0
 2.0
 1.4
 2.0
 0.0
 2.0
 2.0
 2.0
 2.0
 2.0
 2.0
 2.0
 2.0
 2.0
 2.0
 2.0
 2.0
 2.0
 2.0
 2.0
 2.0
 2.0
 1.4
 2.0
 2.0
 2.0
 2.0
 2.0
 2.0
 2.0
 2.0
 2.0
 2.0
 1.4
 2.0
 2.0
 2.0
 2.0
 2.0
 2.0
 2.0
 2.0
 2.0
 2.0
 2.0
 1.4
 2.0
 1.4
 2.0
 2.0
 2.0
 2.0
 2.0
 2.0
 2.0
 2.0
 2.0
 2.0
 2.0
 2.0
 2.0
 2.0
 2.0
 2.0
 2.0
 2.0
 2.0
 2.0
 2.0
 2.0
 2.0
 2.0
 2.0
 2.0
 2.0
 2.0
 2.0
 2.0
 2.0
 2.0
 2.0
 2.0
 2.0
 2.0
 2.0
 2.0
 2.0
 2.0
 2.0
 2.0
 1.4
 2.0
 2.0
 2.0
 2.0
 2.0
 1.4
 2.0
 2.0
 1.4
 2.0
 2.0
 2.0
 2.0
 2.0
 2.0
 2.0
 2.0
 2.0
 2.0
 2.0
 2.0
 2.0
 2.0
 2.0
 2.0
 2.0
 2.0
 2.0
 2.0
 2.0
 2.0
 2.0
 0.0
 2.0
 2.0
 2.0
 2.0
 2.0
 2.0
 2.0
 2.0
 2.0
 2.0
 2.0
 2.0
 2.0
 1.4
 2.0
 2.0
 2.0
 2.0
 2.0
 2.0
 2.0
 2.0
 1.4
