 0.0
53.0
38.0
26.3
16.4
19.8
27.0
31.8
33.7
37.2
40.7
42.8
45.1
43.0
44.5
44.8
46.1
 0.0
47.1
47.5
 0.0
48.6
49.3
49.8
50.5
50.7
51.4
 0.0
50.0
50.4
50.7
50.9
51.2
51.6
52.0
51.9
52.2
52.6
51.4
51.7
 0.0
51.9
52.2
52.6
52.8
52.9
53.0
53.4
53.3
53.5
52.4
 0.0
52.7
52.9
53.1
53.3
53.4
53.6
53.8
53.1
53.3
53.4
 0.0
53.6
53.8
53.9
54.0
54.2
54.3
54.4
53.9
53.6
53.8
54.0
54.1
54.3
54.3
 0.0
54.4
54.5
54.7
54.7
54.2
54.3
54.4
 0.0
54.5
54.5
54.6
54.6
54.6
53.9
53.9
54.0
54.0
53.8
53.8
53.8
53.7
53.1
53.1
53.0
53.0
52.8
52.9
52.8
52.8
52.3
 0.0
52.4
52.4
52.3
52.3
52.3
52.3
51.9
51.9
51.9
51.9
51.9
51.9
51.9
51.6
51.6
51.6
51.6
51.6
51.7
51.7
51.3
51.2
51.3
51.3
51.4
50.9
50.9
51.0
50.9
50.6
50.6
50.6
50.6
50.6
50.6
50.6
50.3
50.3
50.3
50.4
50.3
50.3
50.3
50.0
50.1
50.1
50.1
50.1
50.1
50.1
49.9
49.9
49.9
 0.0
49.9
49.9
50.0
50.0
49.7
49.7
49.8
49.8
49.8
49.8
49.8
49.8
49.8
49.6
49.7
49.7
49.7
49.7
49.7
49.7
49.5
49.5
49.4
49.4
49.4
49.5
49.5
49.2
 0.0
49.3
49.3
49.3
49.4
49.4
49.4
49.5
 0.0
49.5
49.3
49.3
49.3
49.3
49.4
 0.0
49.4
49.5
49.3
49.3
49.4
49.4
49.4
49.4
 0.0
49.5
49.5
49.4
49.4
49.4
49.5
49.5
49.5
49.5
49.6
49.4
49.4
49.5
49.5
49.5
49.5
 0.0
49.5
49.4
49.4
 0.0
49.5
49.5
 0.0
49.6
49.6
49.6
49.4
49.5
49.5
49.5
49.5
49.6
49.6
49.6
 0.0
49.5
49.5
49.6
 0.0
49.6
49.6
49.6
49.7
49.5
49.6
49.6
49.6
49.7
49.7
49.8
49.6
49.6
49.7
49.7
49.7
49.8
49.8
49.8
49.6
49.7
49.7
49.7
49.8
49.8
49.8
49.8
49.9
49.9
 0.0
49.8
