 0.2
 1.4
 1.4
 1.5
 1.5
 1.5
 1.5
 1.5
 1.5
 1.5
 1.5
 1.5
 1.5
 1.5
 1.5
 1.5
 1.5
 1.5
 1.5
 1.5
 1.5
 1.5
 1.5
 1.5
 1.5
 1.5
 1.5
 1.5
 1.5
 1.5
 1.5
 1.5
 1.5
 1.5
 1.5
 1.5
 1.5
 1.5
 1.5
 1.5
 1.5
 1.5
 1.5
 1.5
 1.5
 1.5
 1.9
 1.9
 1.9
 1.9
 1.9
 1.9
 1.9
 1.9
 1.9
 1.9
 1.3
 1.9
 1.9
 1.9
 1.9
 1.9
 1.9
 1.9
 1.9
 1.9
 1.9
 1.9
 1.9
 1.9
 1.9
 0.0
 1.9
 1.9
 1.9
 1.9
 1.9
 1.9
 1.9
 1.3
 1.9
 1.9
 1.9
 1.3
 1.9
 1.9
 1.9
 1.9
 1.3
 1.9
 1.9
 1.9
 1.9
 1.9
 1.9
 1.9
 1.9
 1.9
 1.9
 1.9
 1.9
 1.9
 1.9
 1.9
 1.9
 1.9
 1.9
 1.9
 1.9
 1.9
 1.9
 1.9
 1.9
 1.9
 1.9
 1.9
 1.9
 1.9
 1.9
 1.9
 1.9
 1.9
 1.9
 1.9
 1.9
 1.9
 1.9
 1.3
 1.9
 1.9
 1.9
 1.9
 1.9
 1.9
 1.9
 1.9
 1.9
 1.9
 1.9
 1.9
 1.9
 1.9
 1.4
 1.9
 1.9
 1.4
 1.9
 1.9
 1.9
 1.9
 1.9
 1.9
 1.9
 1.4
 1.9
 1.4
 1.9
 1.9
 1.9
 1.9
 1.9
 1.9
 1.9
 1.9
 1.9
 1.4
 1.9
 1.9
 1.9
 1.9
 1.9
 1.9
 1.9
 1.9
 1.4
 1.9
 1.9
 1.9
 1.9
 1.9
 1.4
 1.9
 1.9
 1.9
 1.9
 1.9
 1.9
 1.9
 1.9
 1.9
 1.9
 1.9
 1.9
 1.9
 1.9
 1.9
 1.9
 1.9
 1.9
 1.9
 1.9
 1.9
 1.9
 1.9
 1.9
 1.9
 1.9
 1.9
 1.9
 1.9
 1.9
 1.9
 1.4
 1.9
 1.9
 1.4
 1.9
 1.9
 1.9
 1.9
 1.9
 1.9
 1.9
 1.9
 1.9
 1.9
 1.4
 1.9
 1.9
 1.9
 1.9
 1.9
 1.9
 1.9
 1.9
 1.9
 1.9
 1.9
 1.9
 1.9
 1.9
 1.9
 1.9
 1.9
 1.9
 1.9
 1.9
 1.9
 1.9
 1.9
 1.9
 1.9
 1.9
 1.9
 1.9
 1.9
 1.9
 1.9
 1.9
 1.9
 1.9
 1.9
 1.9
 1.9
 1.9
 1.9
 1.9
 1.9
 1.9
 1.9
 1.9
 1.9
 1.9
 1.9
 1.9
 1.9
 1.9
 1.9
 1.9
 1.9
 1.9
 1.9
 1.9
 1.9
 1.9
 1.9
 1.4
 1.9
 1.4
 1.9
 1.9
 1.9
 0.0
 1.9
 1.9
 1.9
 1.9
 1.9
 1.9
 1.9
