 0.0
86.0
53.0
27.2
22.6
 0.0
19.3
14.8
13.6
12.7
11.9
10.3
 9.7
 9.4
 9.0
 8.1
 7.9
 7.7
 7.6
 7.4
 8.8
10.7
12.4
14.0
15.8
16.0
16.7
17.9
19.1
19.6
19.7
21.1
21.5
22.0
22.4
23.3
23.2
 0.0
23.5
23.8
24.0
24.6
 0.0
24.9
25.3
26.0
26.0
26.2
26.5
27.2
27.5
27.1
27.2
28.0
28.1
28.2
28.2
27.9
28.3
28.5
28.1
28.4
28.9
29.0
29.2
29.3
29.4
29.5
29.8
30.0
30.2
29.8
29.9
30.1
30.5
30.3
30.4
30.7
30.9
31.0
31.1
31.2
 0.0
 0.0
31.3
31.4
31.8
32.0
32.1
32.4
32.5
32.3
32.5
32.7
32.8
 0.0
32.9
33.2
33.0
33.0
33.4
33.5
33.5
33.8
33.9
33.7
33.9
34.1
34.1
34.2
34.5
34.6
34.4
34.6
34.6
34.7
35.0
35.0
34.8
35.0
35.1
35.2
35.3
35.5
35.3
35.4
35.5
35.6
35.6
35.8
35.9
35.7
35.9
36.0
36.0
36.1
36.2
36.1
36.2
36.4
36.4
36.5
36.7
36.7
36.7
36.7
36.8
36.8
37.0
37.0
37.0
37.2
37.1
37.1
 0.0
 0.0
37.2
37.3
 0.0
37.4
37.5
37.4
37.4
37.5
37.6
37.6
37.7
37.8
 0.0
37.6
37.8
37.8
37.8
37.9
38.0
38.0
38.1
37.9
38.0
38.0
38.0
38.1
38.1
 0.0
 0.0
38.2
38.1
 0.0
38.1
38.3
38.3
38.3
 0.0
38.4
38.4
38.5
38.6
38.7
38.6
38.7
 0.0
38.7
38.7
38.8
38.9
39.0
39.0
 0.0
39.0
39.1
 0.0
39.1
39.0
39.0
 0.0
39.1
39.1
39.2
39.2
39.3
39.3
 0.0
39.4
39.4
39.5
39.3
39.4
 0.0
39.4
39.4
39.5
39.5
39.5
 0.0
39.6
39.6
39.5
39.6
39.6
39.6
 0.0
39.6
39.6
39.7
39.6
39.6
39.6
39.7
39.7
39.8
39.8
39.8
39.8
 0.0
39.7
39.8
39.8
39.9
39.9
40.0
40.0
 0.0
40.0
40.1
40.1
40.0
40.0
40.1
 0.0
40.1
40.1
 0.0
40.2
40.2
40.3
 0.0
 0.0
40.3
40.4
40.2
40.3
40.3
40.3
40.4
40.4
40.4
 0.0
40.5
40.5
40.4
 0.0
 0.0
40.4
 0.0
