 0.0
49.0
37.5
32.3
27.0
22.8
19.8
17.7
14.3
13.3
12.4
11.8
 0.0
11.3
10.7
10.3
 9.3
 9.0
 8.8
 8.7
 8.5
 8.5
 8.3
 8.2
 7.6
 7.5
 0.0
 7.3
 7.2
 7.1
 6.9
 6.8
 6.7
 6.6
 6.5
 6.5
 6.4
 6.4
 6.2
 7.2
 8.5
 9.4
 0.0
10.4
11.1
11.8
12.5
13.2
13.8
 0.0
14.3
 0.0
 0.0
14.9
15.4
15.9
16.4
17.0
17.5
18.3
18.8
18.9
19.4
19.8
20.2
 0.0
20.6
21.1
21.5
21.9
22.2
22.6
22.5
22.8
23.3
23.7
24.0
24.2
24.5
24.8
24.8
25.2
25.5
25.7
26.0
26.2
 0.0
26.4
 0.0
26.7
 0.0
27.1
27.0
27.2
 0.0
27.4
27.6
27.8
28.0
28.3
28.5
28.7
28.9
28.8
28.9
29.1
29.4
29.6
29.7
29.8
30.0
29.8
29.9
30.1
30.3
30.4
30.6
30.7
30.8
30.6
30.8
31.0
31.1
31.2
31.3
31.4
31.5
31.3
31.6
31.7
31.8
31.8
 0.0
 0.0
31.9
 0.0
32.0
31.8
31.9
32.0
32.2
 0.0
32.3
32.3
32.4
32.5
32.3
 0.0
 0.0
32.4
32.5
32.6
32.7
32.8
32.9
32.8
32.8
32.9
33.1
33.2
33.3
33.3
 0.0
33.4
33.5
33.6
33.5
33.6
33.7
33.8
33.8
 0.0
33.9
33.9
34.1
34.0
 0.0
34.0
34.0
34.1
34.2
34.2
34.3
34.4
34.3
34.4
34.4
34.5
34.5
34.6
34.7
34.7
 0.0
 0.0
34.6
34.7
34.7
34.7
 0.0
34.8
35.0
35.0
35.1
 0.0
34.9
 0.0
 0.0
35.0
35.0
35.1
35.1
 0.0
35.2
35.3
35.3
35.2
35.3
35.3
35.4
35.5
35.5
35.6
35.6
35.5
35.6
35.6
35.6
 0.0
35.7
35.8
 0.0
35.9
 0.0
35.9
35.9
35.8
35.9
36.0
36.0
36.0
36.1
36.1
36.2
36.0
36.2
36.2
36.2
36.2
36.1
36.2
36.2
36.2
36.3
36.3
36.2
36.2
36.3
36.3
36.3
36.4
36.4
36.3
36.4
36.4
 0.0
 0.0
36.4
36.5
36.5
36.5
36.6
36.5
36.5
36.6
36.6
36.6
36.6
36.7
36.7
36.7
 0.0
36.7
36.7
36.8
36.8
36.8
36.8
36.9
36.8
36.8
36.8
36.9
36.9
36.9
37.0
37.0
36.9
37.0
37.0
37.0
37.0
