 0.0
55.0
34.0
24.0
18.7
15.8
13.8
10.8
10.0
 0.0
 9.4
 8.8
 0.0
 8.4
 8.0
 0.0
 7.6
 7.4
 6.7
 6.6
 6.4
 0.0
 6.3
 6.1
 6.0
 6.0
 7.1
 9.4
10.2
12.3
 0.0
13.7
14.3
 0.0
14.9
15.5
 0.0
16.4
17.8
18.6
19.4
19.8
20.7
21.3
21.9
 0.0
22.8
23.3
23.9
24.3
25.0
25.5
 0.0
25.4
25.9
26.5
26.9
27.3
27.8
28.2
 0.0
28.5
28.8
29.4
29.6
29.3
29.5
29.9
30.2
30.4
30.3
30.8
31.1
31.3
 0.0
31.0
31.4
31.6
31.8
32.0
 0.0
 0.0
32.4
32.5
32.7
32.9
 0.0
32.9
33.0
33.1
 0.0
33.3
 0.0
33.6
33.7
33.9
34.0
34.3
34.4
34.1
34.3
34.5
34.6
34.7
 0.0
34.9
35.0
35.1
35.2
 0.0
35.5
35.2
35.3
35.3
35.5
35.6
35.7
35.8
36.0
36.1
36.1
35.9
36.1
36.2
36.3
 0.0
36.3
36.5
36.6
36.7
36.7
36.6
36.7
36.8
36.9
37.0
37.0
37.1
37.2
37.3
37.4
37.2
37.3
 0.0
37.4
 0.0
37.4
37.5
37.6
37.8
37.8
37.8
38.0
37.8
37.8
37.8
38.0
 0.0
38.0
38.1
38.1
 0.0
 0.0
38.3
38.3
38.4
38.1
38.3
38.3
38.3
38.4
38.4
38.5
38.5
38.6
38.4
38.5
38.5
 0.0
38.6
 0.0
 0.0
38.6
38.7
38.8
38.8
38.8
39.0
 0.0
 0.0
38.8
38.8
38.8
38.9
39.0
39.0
 0.0
39.0
39.1
 0.0
39.1
39.2
39.0
39.1
 0.0
39.1
39.1
39.2
39.3
39.3
39.3
39.4
39.3
39.3
39.3
39.4
39.5
39.5
39.5
39.6
39.7
 0.0
39.5
39.5
 0.0
 0.0
39.5
39.6
39.7
39.7
39.7
39.8
39.8
39.8
39.7
39.8
39.8
39.8
39.8
39.9
39.9
40.0
40.0
39.9
39.9
39.9
40.0
40.1
40.1
40.1
40.1
40.2
40.2
40.1
40.1
40.2
40.2
40.2
 0.0
40.2
40.3
 0.0
40.3
40.1
40.2
40.2
 0.0
40.3
 0.0
40.3
40.3
40.3
40.4
40.4
40.2
40.2
40.3
 0.0
40.3
40.3
40.4
40.4
40.4
40.5
40.5
40.6
40.4
40.4
40.5
40.5
40.6
 0.0
 0.0
40.5
40.5
 0.0
40.6
 0.0
40.6
40.5
40.5
40.6
40.6
40.6
40.6
40.7
40.7
 0.0
40.8
40.8
40.7
40.7
 0.0
 0.0
40.7
 0.0
40.7
40.8
40.8
40.8
