 0.2
 1.4
 1.4
 1.4
 1.4
 1.8
 1.8
 1.8
 1.8
 1.8
 2.2
 2.2
 2.2
 2.2
 1.8
 1.8
 1.8
 1.8
 1.8
 1.8
 1.8
 1.8
 1.8
 1.8
 1.8
 1.8
 1.8
 1.8
 1.8
 1.8
 1.8
 1.8
 1.8
 1.8
 1.8
 1.8
 1.8
 1.8
 1.8
 1.8
 1.8
 1.8
 1.8
 1.8
 1.8
 1.2
 1.8
 1.8
 1.8
 1.8
 1.8
 1.8
 1.8
 1.2
 1.8
 1.8
 1.8
 1.2
 1.8
 1.8
 1.8
 1.8
 1.8
 1.8
 1.8
 1.8
 1.2
 1.8
 1.2
 1.8
 1.8
 1.8
 1.8
 1.8
 1.2
 1.8
 1.8
 1.8
 1.8
 1.8
 1.8
 1.8
 1.8
 1.8
 1.8
 1.8
 1.8
 1.8
 1.8
 1.8
 1.8
 1.8
 1.8
 1.8
 1.8
 1.8
 1.8
 1.8
 1.8
 1.8
 1.8
 1.8
 1.8
 0.0
 1.8
 1.8
 1.8
 1.8
 1.8
 1.8
 1.8
 1.8
 1.8
 1.8
 1.8
 1.8
 1.2
 1.8
 1.8
 1.8
 1.8
 1.8
 1.8
 1.8
 1.8
 1.8
 1.8
 1.8
 1.8
 1.2
 1.8
 1.8
 1.8
 1.8
 1.8
 1.8
 1.8
 1.8
 1.8
 1.8
 1.8
 1.8
 1.8
 1.8
 1.8
 1.8
 1.8
 1.8
 1.8
 1.8
 1.8
 1.8
 1.8
 1.8
 1.8
 1.8
 1.8
 1.8
 1.8
 1.8
 1.8
 1.8
 1.8
 1.8
 1.8
 1.2
 1.8
 1.8
 1.8
 1.8
 1.8
 1.8
 1.8
 1.8
 1.8
 1.8
 1.8
 1.8
 1.8
 1.8
 1.8
 1.8
 1.8
 1.8
 1.8
 1.8
 1.8
 1.8
 1.8
 1.8
 1.8
 1.8
 1.8
 1.8
 1.8
 1.8
 1.8
 1.8
 1.8
 1.8
 1.8
 1.8
 1.8
 1.8
 1.8
 1.8
 1.8
 1.8
 1.8
 1.8
 1.8
 1.2
 1.8
 1.8
 1.8
 1.8
 1.8
 1.8
 1.8
 1.8
 1.8
 1.8
 1.8
 1.8
 1.8
 1.8
 1.8
 1.8
 1.8
 1.8
 1.8
 1.8
 1.8
 1.8
 1.8
 1.8
 1.8
 1.8
 1.8
 0.0
 1.8
 1.8
 1.2
 1.8
 1.8
 1.8
 1.8
 1.8
 1.8
 1.2
 1.8
 1.8
 1.8
 1.8
 1.8
 1.8
 1.8
 1.8
 1.8
 1.8
 1.8
 1.8
 1.8
 1.8
 1.8
 1.8
 1.8
 1.8
 1.8
 1.8
 1.8
 1.8
 1.8
 1.8
 1.8
 1.8
 1.8
 1.8
 1.8
 1.8
 1.8
 1.8
 1.8
 1.2
 1.8
 1.8
 1.8
 1.8
 1.8
 1.8
 1.8
 1.8
 1.8
 1.8
 1.2
 1.8
 1.8
 1.8
