 0.0
73.0
 0.0
44.5
36.6
28.7
19.8
17.2
15.6
12.7
11.9
11.0
 9.7
 9.2
 8.9
 8.5
 0.0
 8.2
 7.9
 7.3
 7.1
 6.9
 6.7
 6.6
 6.2
 6.1
 5.9
 5.9
 5.7
 5.7
 5.4
 5.4
 5.3
 5.2
 0.0
 5.1
 5.1
 5.0
 4.9
 4.9
 0.0
 4.7
 4.7
 4.7
 4.6
 4.6
 4.6
 4.6
 5.5
 6.5
 7.4
 7.9
 8.4
 8.9
 9.4
 9.9
10.2
 0.0
10.9
11.2
11.6
12.0
12.5
13.0
13.7
13.9
 0.0
14.0
14.5
14.9
15.3
15.8
16.3
16.4
16.8
17.1
 0.0
17.5
18.0
18.4
18.7
19.0
19.0
19.3
19.8
20.1
 0.0
20.3
20.6
20.8
 0.0
 0.0
21.1
21.5
21.5
21.7
21.9
22.1
22.4
22.8
23.0
23.2
 0.0
23.2
23.4
23.6
23.9
24.1
24.3
24.5
24.6
24.8
24.9
 0.0
25.1
25.2
 0.0
25.4
25.5
25.7
26.0
26.1
26.1
26.2
26.3
26.4
26.7
 0.0
26.8
27.0
27.1
27.0
27.2
27.4
27.5
 0.0
27.6
27.7
27.9
28.1
28.2
28.1
28.3
28.4
28.5
 0.0
28.7
 0.0
 0.0
28.8
 0.0
 0.0
28.9
29.0
29.1
 0.0
29.0
29.3
29.4
29.5
 0.0
29.5
29.6
29.8
29.9
30.0
30.1
30.0
30.1
30.3
30.4
30.5
30.6
30.7
30.7
30.9
30.8
30.8
 0.0
30.9
31.0
 0.0
31.1
31.2
31.3
31.3
31.1
31.2
31.2
31.2
31.1
31.1
31.1
31.3
31.3
31.3
31.4
31.3
31.3
31.3
31.4
31.4
31.6
31.5
31.5
31.6
31.6
31.7
31.7
 0.0
31.9
31.8
31.9
 0.0
31.9
31.9
32.0
32.1
32.2
32.1
32.1
32.2
32.2
32.3
32.4
32.4
32.5
32.4
32.4
32.5
32.6
32.6
32.7
32.7
 0.0
32.6
32.7
32.8
32.8
 0.0
32.9
32.9
33.0
33.0
33.0
33.0
 0.0
 0.0
33.0
33.1
33.1
33.2
33.2
33.3
33.2
33.2
33.3
33.3
33.4
 0.0
33.5
 0.0
33.5
33.5
 0.0
33.6
33.5
33.6
33.6
33.7
33.7
33.8
33.8
33.9
33.9
33.8
33.9
33.9
34.0
34.0
34.1
34.1
34.2
34.2
34.2
 0.0
34.2
34.3
 0.0
34.3
34.3
 0.0
34.4
34.4
34.5
34.4
34.4
 0.0
34.5
34.5
 0.0
34.5
